mol_205111.sdf,56.454369,1.998047,38.664864,15.791457,7,0
mol_39933.sdf,45.465996,0.761942,29.685335,15.018720,7,0
mol_160109.sdf,55.219002,8.755203,32.791969,13.671828,7,0
mol_4mbuA_pocA.sdf,48.194901,2.913142,32.492920,12.788836,7,0
pep_2oeiA_pocB.sdf,140.623489,91.123749,36.247196,13.252551,7,0
mol_6526.sdf,49.440891,4.702378,32.524181,12.214334,7,0
mol_150799.sdf,50.064049,4.548832,35.000278,10.514938,7,0
cpep_AF-A0A418AJE9-F1_127_141.sdf,683.031067,633.235474,35.087959,14.707636,7,0
mol_163260.sdf,47.375629,0.578391,33.226845,13.570394,7,0
mol_283496.sdf,46.360886,0.300604,32.615673,13.444605,7,0
mol_183283.sdf,60.595879,12.010934,34.490841,14.094104,7,0
mol_139490.sdf,47.953220,0.902776,32.779385,14.271061,7,0
mol_103404.sdf,49.773525,1.322954,34.295734,14.154840,7,0
mol_192270.sdf,48.225716,3.216982,31.604401,13.404330,7,0
mol_229837.sdf,50.783257,7.241342,30.140873,13.401042,7,0
cpep_AF-A0A1Z7ZMM0-F1_27_36.sdf,364.020935,313.892822,35.684261,14.443844,7,0
mol_104928.sdf,52.029045,1.631255,35.120277,15.277511,7,0
mol_9982.sdf,44.908855,0.901157,30.339624,13.668074,7,0
pep_7rycO_pocL.sdf,239.898987,190.219482,34.533081,15.146431,7,0
mol_28305.sdf,65.026604,12.985179,35.898491,16.142935,7,0
mol_79039.sdf,59.750362,12.092896,34.801556,12.855912,7,0
mol_134441.sdf,43.898090,0.584322,30.512806,12.800961,7,0
mol_116614.sdf,51.276733,2.069238,35.119186,14.088311,7,0
mol_28060.sdf,49.385307,0.100578,35.959648,13.325080,7,0
mol_68421.sdf,54.751892,5.470672,34.881042,14.400179,7,0
mol_48974.sdf,49.414913,0.762302,35.446171,13.206440,7,0
mol_258879.sdf,51.869041,6.756393,33.303650,11.809000,7,0
mol_284555.sdf,53.646347,6.695404,32.867294,14.083649,7,0
mol_78537.sdf,49.339397,0.385705,35.137058,13.816635,7,0
mol_166774.sdf,48.551109,0.139376,34.452652,13.959082,7,0
mol_180614.sdf,56.217144,4.100572,36.364910,15.751662,7,0
cpep_AF-A0A6A6CHK6-F1_246_259.sdf,211.696564,159.733566,37.239330,14.723662,7,0
mol_29435.sdf,54.370674,2.646757,36.488716,15.235203,7,0
mol_183767.sdf,51.654816,4.487624,32.449196,14.717995,7,0
mol_220371.sdf,47.321747,0.432681,31.957197,14.931871,7,0
mol_46175.sdf,54.269344,5.327530,36.422714,12.519100,7,0
PBmol_5tco.sdf,117.363411,67.811790,35.697330,13.854289,7,0
mol_62514.sdf,56.291149,8.160142,36.985703,11.145307,7,0
mol_156607.sdf,56.133263,2.122988,40.211506,13.798773,7,0
mol_226245.sdf,62.888805,13.461479,34.079128,15.348197,7,0
mol_66210.sdf,51.592316,4.797573,31.860903,14.933839,7,0
mol_64423.sdf,51.678646,0.067072,37.162411,14.449165,7,0
mol_192231.sdf,47.896713,0.089849,34.583084,13.223782,7,0
mol_104281.sdf,46.548279,0.176707,32.584255,13.787313,7,0
mol_214978.sdf,54.231018,5.753642,34.895672,13.581703,7,0
mol_151825.sdf,49.052643,0.082573,35.957630,13.012440,7,0
cpep_AF-A0A3D0SC37-F1_357_370.sdf,244.911728,193.812073,35.419758,15.679908,7,0
mol_33252.sdf,53.959213,5.433845,34.819935,13.705434,7,0
mol_37684.sdf,52.761353,5.188396,33.502590,14.070364,3,0
mol_256335.sdf,48.224205,0.124320,34.328133,13.771749,3,0
mol_262029.sdf,44.591698,1.466543,32.568188,10.556967,3,0
mol_170870.sdf,48.656925,0.072323,34.686691,13.897911,3,0
mol_110705.sdf,56.716194,6.519984,34.342098,15.854112,3,0
mol_257741.sdf,52.778412,0.052738,38.477875,14.247801,3,0
mol_8gy3B_pocB.sdf,114.771477,63.706604,37.556671,13.508204,3,0
mol_133340.sdf,47.877594,0.226666,34.230774,13.420156,3,0
mol_42062.sdf,45.243359,0.166292,31.578983,13.498082,1,0
mol_74814.sdf,54.203899,7.030584,34.167324,13.005993,1,0
mol_256335.sdf,48.609177,0.186911,34.633099,13.789165,3,0
mol_257741.sdf,60.804577,7.522896,38.891850,14.389831,3,0
mol_42062.sdf,49.953869,5.047397,31.476349,13.430122,3,0
mol_133340.sdf,55.188877,8.223201,33.064980,13.900697,3,0
mol_110705.sdf,50.200432,1.596973,34.300785,14.302674,3,0
mol_262029.sdf,46.111931,0.722860,33.919235,11.469831,3,0
mol_8gy3B_pocB.sdf,121.301788,70.807449,36.333588,14.160753,3,0
mol_74814.sdf,50.079693,1.522828,34.411308,14.145556,3,0
mol_170870.sdf,53.353123,5.282266,34.385479,13.685379,1,0
mol_37684.sdf,45.173141,0.216542,31.666811,13.289791,1,0
mol_256335.sdf,48.991104,3.847613,32.241352,12.902136,3,0
mol_8gy3B_pocB.sdf,125.328987,75.297852,36.134151,13.896978,3,0
mol_74814.sdf,56.288544,6.594563,33.481255,16.212725,3,0
mol_257741.sdf,58.738319,7.011425,38.795727,12.931166,3,0
mol_170870.sdf,52.222908,4.386155,33.529961,14.306793,3,0
mol_133340.sdf,56.629219,9.172533,33.099579,14.357109,3,0
mol_37684.sdf,51.690193,4.046969,34.551060,13.092165,3,0
mol_110705.sdf,48.917450,0.614110,33.755260,14.548082,3,0
mol_262029.sdf,44.671738,0.165637,33.187016,11.319086,1,0
mol_42062.sdf,46.289639,3.538313,30.887529,11.863795,1,0
PBmol_4avw.sdf,270.769806,219.871201,36.245640,14.652947,7,0
PBmol_3gz9.sdf,162.889664,113.842270,34.214245,14.833145,7,0
mol_72818.sdf,54.115055,7.061106,33.409569,13.644382,7,0
cpep_AF-A0A2R7KRF7-F1_179_192.sdf,188.924850,137.348160,36.930851,14.645842,7,0
mol_184533.sdf,47.499252,1.182689,33.402405,12.914160,7,0
mol_197758.sdf,57.114902,9.359938,34.377052,13.377910,7,0
mol_43095.sdf,51.596668,1.850591,34.837223,14.908854,7,0
mol_145870.sdf,48.531609,0.077472,35.527905,12.926233,7,0
mol_126562.sdf,47.729401,0.322510,32.756031,14.650861,7,0
mol_238725.sdf,46.694344,1.604127,32.527882,12.562337,7,0
mol_112010.sdf,58.882946,8.804913,37.965397,12.112637,7,0
mol_290295.sdf,55.216545,3.806592,35.426247,15.983707,7,0
mol_233420.sdf,53.870823,6.661359,33.953537,13.255928,7,0
mol_57894.sdf,57.271717,8.832813,33.636158,14.802746,7,0
mol_266643.sdf,52.667717,5.198497,34.704235,12.764982,7,0
cpep_AF-A0A519TNH6-F1_100_113.sdf,331.873962,280.599609,36.390095,14.884251,7,0
pep_7evsA_pocC.sdf,144.428833,94.789833,35.446693,14.192307,7,0
mol_218746.sdf,48.392822,4.099674,31.134674,13.158473,7,0
mol_220387.sdf,49.449665,0.378053,35.714771,13.356842,7,0
mol_166308.sdf,55.060226,5.653691,36.219833,13.186702,7,0
mol_32513.sdf,50.069786,4.563434,32.686241,12.820108,7,0
mol_83693.sdf,50.744946,5.240395,33.765503,11.739049,7,0
mol_300583.sdf,49.055653,1.672970,32.986496,14.396186,7,0
mol_247427.sdf,61.437370,13.054676,32.907841,15.474853,7,0
mol_200234.sdf,48.123398,0.842353,32.806694,14.474350,7,0
mol_89627.sdf,61.089088,10.643913,37.237644,13.207531,7,0
mol_259211.sdf,56.878986,8.695956,35.089447,13.093582,7,0
mol_106467.sdf,49.394081,0.873611,33.604687,14.915781,7,0
mol_172428.sdf,46.523510,0.064361,32.730721,13.728427,7,0
mol_192003.sdf,63.896221,8.605536,41.432327,13.858356,7,0
mol_45963.sdf,49.622948,0.261243,34.674038,14.687670,7,0
mol_140005.sdf,48.603447,0.465995,34.149937,13.987515,7,0
mol_76950.sdf,54.819374,5.407309,35.691853,13.720215,7,0
mol_152568.sdf,49.799049,0.097966,35.422173,14.278913,7,0
mol_141656.sdf,47.838512,1.184893,32.967903,13.685715,7,0
mol_181212.sdf,47.607941,1.037338,32.880016,13.690587,7,0
mol_141843.sdf,47.865765,0.771526,32.537388,14.556849,7,0
mol_5n0cA_pocC.sdf,90.044113,38.197601,37.228443,14.618073,7,0
mol_65593.sdf,53.926346,6.590056,31.302841,16.033445,7,0
mol_209926.sdf,60.812431,10.098966,34.929871,15.783595,7,0
mol_14778.sdf,51.199184,1.506841,37.147064,12.545280,3,0
cpep_AF-R6YW41-F1_177_186.sdf,469.707855,418.682404,36.545090,14.480374,3,0
mol_230446.sdf,48.114685,0.433119,34.052616,13.628948,3,0
mol_262924.sdf,49.887230,0.792583,35.916981,13.177667,3,0
mol_2919.sdf,47.357166,0.793361,31.767694,14.796111,3,0
cpep_AF-A0A193LDK3-F1_639_652.sdf,198.160004,147.379333,36.070244,14.710411,3,0
mol_280971.sdf,50.434006,4.953904,32.711750,12.768353,3,0
mol_86744.sdf,58.020123,8.789307,37.141224,12.089592,3,0
mol_289518.sdf,51.833374,2.059551,33.133408,16.640415,1,0
mol_258112.sdf,51.243534,0.381456,37.161438,13.700641,1,0
mol_262924.sdf,48.951130,0.609084,34.945938,13.396107,3,0
mol_14778.sdf,54.324150,2.365689,37.639839,14.318623,3,0
cpep_AF-A0A193LDK3-F1_639_652.sdf,472.367645,420.273376,36.899143,15.195118,3,0
mol_280971.sdf,50.695717,5.367521,32.593822,12.734374,3,0
mol_2919.sdf,51.011978,5.236343,33.070587,12.705048,3,0
cpep_AF-R6YW41-F1_177_186.sdf,167.781891,118.001556,35.353279,14.427058,3,0
mol_258112.sdf,51.333111,0.305946,37.202469,13.824697,3,0
mol_230446.sdf,48.011856,0.364414,33.545166,14.102274,3,0
mol_86744.sdf,52.440338,5.918039,35.201962,11.320333,1,0
mol_289518.sdf,50.396076,0.135480,33.864048,16.396549,1,0
mol_14778.sdf,55.582329,5.757516,36.639832,13.184983,3,0
mol_289518.sdf,53.438160,4.915222,32.937225,15.585712,3,0
mol_2919.sdf,54.909531,7.386610,33.783169,13.739753,3,0
mol_86744.sdf,52.139553,3.544929,34.744003,13.850619,3,0
cpep_AF-A0A193LDK3-F1_639_652.sdf,248.206131,194.805145,37.278389,16.122608,3,0
mol_230446.sdf,58.955151,7.306050,34.237873,17.411228,3,0
cpep_AF-R6YW41-F1_177_186.sdf,179.424179,128.447357,35.168373,15.808454,3,0
mol_262924.sdf,53.872276,4.262174,35.826809,13.783293,3,0
mol_258112.sdf,55.917999,5.094691,38.433422,12.389886,1,0
mol_280971.sdf,46.528145,2.502544,30.859030,13.166571,1,0
mol_202917.sdf,49.841919,2.897202,34.057602,12.887117,7,0
mol_75504.sdf,49.918663,2.715066,32.525093,14.678503,7,0
mol_208957.sdf,49.804909,0.942425,35.818657,13.043825,7,0
mol_47093.sdf,63.243004,10.395532,36.454601,16.392870,7,0
mol_34672.sdf,51.238304,4.476429,33.625076,13.136798,7,0
mol_1420.sdf,46.475517,0.707362,32.314800,13.453355,7,0
mol_302807.sdf,47.240509,1.201991,32.944111,13.094407,7,0
pep_2ymbD_pocH.sdf,172.067917,119.544113,37.336784,15.187023,7,0
cpep_AF-A0A3M2HEI4-F1_638_647.sdf,262.615784,211.432404,36.547356,14.636015,7,0
mol_54014.sdf,45.191109,0.467371,32.218479,12.505262,7,0
mol_202441.sdf,48.132862,0.929025,33.495583,13.708255,7,0
mol_108610.sdf,47.433060,0.065766,33.757263,13.610030,7,0
cpep_AF-A0A6H2F3S4-F1_220_229.sdf,710.610657,660.405579,36.034035,14.171026,7,0
mol_193715.sdf,48.955299,0.624737,34.572975,13.757586,7,0
mol_70837.sdf,56.952526,4.320982,37.282951,15.348591,7,0
mol_257956.sdf,55.014400,7.403162,33.814560,13.796680,7,0
mol_86495.sdf,48.650291,0.822818,33.967056,13.860415,7,0
mol_8spoM_pocI.sdf,57.085838,6.906809,36.519897,13.659133,7,0
cpep_AF-A0A2A9FJG1-F1_593_605.sdf,395.671997,343.313293,37.036209,15.322498,7,0
mol_24960.sdf,53.246159,4.975143,34.231594,14.039420,7,0
mol_84237.sdf,44.705635,0.846113,30.807251,13.052272,7,0
mol_249839.sdf,49.746147,5.941073,33.560402,10.244673,7,0
mol_240847.sdf,54.021954,6.362344,36.003189,11.656422,7,0
mol_183548.sdf,56.292191,4.536531,38.119537,13.636122,7,0
mol_61150.sdf,48.212578,0.402543,33.445332,14.364702,7,0
mol_3a06B_pocB.sdf,98.720665,47.989487,36.510574,14.220607,7,0
mol_116053.sdf,47.999710,2.628204,31.374657,13.996849,7,0
mol_50374.sdf,58.502510,5.501175,38.670029,14.331306,7,0
mol_178673.sdf,50.500751,1.972347,34.445930,14.082475,7,0
mol_132403.sdf,59.452595,6.578563,38.326691,14.547339,7,0
mol_106031.sdf,54.224777,7.104011,34.428738,12.692028,7,0
mol_260656.sdf,56.480011,6.731793,37.251564,12.496654,7,0
mol_127062.sdf,49.840664,1.273016,34.474384,14.093262,7,0
mol_280768.sdf,48.012077,1.810567,32.722076,13.479433,7,0
mol_141497.sdf,52.615307,0.346479,39.116394,13.152434,7,0
mol_228453.sdf,48.829338,0.243466,34.363785,14.222089,7,0
mol_49583.sdf,43.939648,1.338104,30.150600,12.450944,7,0
mol_230860.sdf,52.755848,2.134934,37.203957,13.416957,7,0
pep_8fa9H_pocP.sdf,231.944580,182.264526,35.097801,14.582240,7,0
PBmol_4hw2.sdf,150.034439,102.533379,33.015213,14.485849,7,0
cpep_AF-A0A539DVM9-F1_38_52.sdf,167.220032,115.748055,35.147408,16.324577,3,0
mol_221941.sdf,57.959763,9.410918,33.613907,14.934936,3,0
mol_22132.sdf,47.455166,0.399598,33.531799,13.523769,3,0
mol_250669.sdf,52.629108,0.379135,38.672512,13.577461,3,0
cpep_AF-R5JA24-F1_555_569.sdf,232.214340,181.258850,35.308376,15.647117,3,0
mol_36805.sdf,50.178246,1.461106,34.153801,14.563340,3,0
pep_3ajbA_pocB.sdf,182.848801,131.525894,36.075684,15.247221,3,0
mol_82285.sdf,55.937572,8.760662,34.709858,12.467052,3,0
mol_120161.sdf,55.989754,5.520772,35.731483,14.737498,1,0
PBmol_4o10.sdf,189.022400,138.379395,36.383942,14.259062,1,0
mol_36805.sdf,50.056664,0.083573,34.972343,15.000750,3,0
mol_120161.sdf,46.322750,0.707882,31.940277,13.674591,3,0
PBmol_4o10.sdf,147.296844,96.209343,35.958527,15.128966,3,0
mol_221941.sdf,58.267742,8.154675,34.598900,15.514169,3,0
mol_250669.sdf,53.440685,0.049884,39.380905,14.009896,3,0
mol_82285.sdf,49.435192,0.915505,34.356735,14.162953,3,0
cpep_AF-A0A539DVM9-F1_38_52.sdf,228.522736,176.957916,35.058460,16.506355,3,0
cpep_AF-R5JA24-F1_555_569.sdf,257.931702,207.985321,34.964310,14.982078,3,0
pep_3ajbA_pocB.sdf,204.122742,152.359924,36.053577,15.709251,1,0
mol_22132.sdf,50.379219,4.303913,33.636532,12.438772,1,0
cpep_AF-A0A539DVM9-F1_38_52.sdf,193.017380,140.535446,36.869877,15.612062,3,0
mol_221941.sdf,58.749378,10.721205,33.541580,14.486590,3,0
mol_250669.sdf,53.611683,0.522784,38.475288,14.613609,3,0
mol_120161.sdf,55.264393,6.155164,36.014069,13.095161,3,0
PBmol_4o10.sdf,151.075867,99.894020,35.804367,15.377480,3,0
mol_36805.sdf,56.295502,5.155443,34.564110,16.575951,3,0
cpep_AF-R5JA24-F1_555_569.sdf,356.987518,307.440643,34.974861,14.572029,3,0
mol_22132.sdf,49.726891,2.438841,34.821453,12.466596,3,0
pep_3ajbA_pocB.sdf,159.468033,109.845085,35.389786,14.233174,1,0
mol_82285.sdf,48.363091,1.170342,33.374249,13.818501,1,0
mol_175787.sdf,51.984402,4.156826,34.911636,12.915939,7,0
mol_174630.sdf,49.728493,0.580597,35.471157,13.676740,7,0
mol_288381.sdf,60.058434,8.758991,35.982452,15.316989,7,0
mol_241454.sdf,50.921440,0.083069,36.577969,14.260405,7,0
mol_228603.sdf,56.699577,7.377746,36.278641,13.043192,7,0
cpep_AF-A0A4Y4AZF7-F1_160_169.sdf,193.967789,143.903351,35.003071,15.061377,7,0
mol_65895.sdf,54.578957,6.206656,34.685932,13.686365,7,0
mol_96432.sdf,49.153419,0.307669,34.541061,14.304693,7,0
mol_288922.sdf,48.525917,0.204291,34.610104,13.711519,7,0
PBmol_6p88.sdf,101.879944,51.997089,35.571514,14.311344,7,0
PBmol_4kc4.sdf,130.377960,79.159851,35.895535,15.322575,7,0
mol_18778.sdf,54.229038,7.299132,33.434483,13.495422,7,0
mol_181600.sdf,51.888317,0.132995,37.217613,14.537707,7,0
mol_1ll4A_pocA.sdf,138.582550,91.124474,33.869762,13.588321,7,0
mol_54141.sdf,53.637783,6.300098,36.256050,11.081634,7,0
mol_2w90B_pocA.sdf,52.634762,3.511941,36.969254,12.153568,7,0
mol_34639.sdf,57.521996,8.926515,35.482803,13.112677,7,0
mol_27434.sdf,49.747849,3.294677,32.870869,13.582304,7,0
mol_33908.sdf,50.383358,1.770197,35.147797,13.465364,7,0
mol_130737.sdf,45.448616,0.325345,32.800301,12.322973,7,0
mol_4myxG_pocH.sdf,72.363342,23.747877,35.599098,13.016362,7,0
mol_229001.sdf,47.905369,0.330081,33.520592,14.054696,7,0
mol_126487.sdf,45.866928,1.551253,32.409195,11.906477,7,0
mol_241639.sdf,55.138802,6.233570,36.317589,12.587643,7,0
mol_235382.sdf,52.843163,0.510774,38.094307,14.238083,7,0
mol_6cajC_pocC.sdf,49.867229,1.108617,36.241573,12.517039,7,0
mol_79190.sdf,51.710274,1.308235,36.495743,13.906297,7,0
cpep_AF-A0A7C6PBD4-F1_167_178.sdf,157.889236,106.617203,36.505936,14.766092,7,0
mol_102645.sdf,47.043007,0.355964,33.162373,13.524670,7,0
mol_254033.sdf,51.347340,4.852295,34.117538,12.377507,7,0
cpep_AF-A0A1I1SYI8-F1_22_33.sdf,253.379791,203.559586,35.536552,14.283666,7,0
mol_209560.sdf,49.334534,2.754745,32.832153,13.747637,7,0
mol_54716.sdf,54.805355,6.665590,34.447914,13.691854,7,0
mol_138405.sdf,55.778542,6.390552,37.646950,11.741038,7,0
cpep_AF-A0A5C5XZ97-F1_127_141.sdf,229.863037,178.598801,36.056301,15.207927,7,0
mol_284521.sdf,49.241234,0.085260,35.482502,13.673470,7,0
mol_128740.sdf,49.465149,0.125395,35.586933,13.752820,7,0
mol_262066.sdf,46.626091,0.237896,33.067478,13.320715,7,0
mol_53986.sdf,47.694309,0.502886,33.364128,13.827296,7,0
mol_79384.sdf,55.610428,3.169241,35.822273,16.618910,7,0
mol_159041.sdf,45.102016,0.065093,31.958055,13.078868,3,0
mol_49192.sdf,51.867577,4.474256,34.381454,13.011867,3,0
mol_5hj1A_pocA.sdf,104.422302,58.348888,32.614162,13.459250,3,0
mol_40738.sdf,53.203255,5.147693,35.985474,12.070087,3,0
mol_236213.sdf,55.076618,2.904326,38.336464,13.835827,3,0
mol_117040.sdf,51.238419,5.488396,32.023624,13.726397,3,0
mol_4ttcA_pocB.sdf,52.532089,5.409149,34.339363,12.783579,3,0
mol_215459.sdf,45.963154,1.077783,31.614975,13.270397,3,0
cpep_AF-A0A376CPV2-F1_245_256.sdf,205.116730,153.338196,36.691101,15.087440,1,0
mol_129092.sdf,56.661240,6.799379,34.173920,15.687943,1,0
mol_159041.sdf,51.257938,4.348955,33.271072,13.637913,3,0
mol_40738.sdf,52.134640,3.712285,36.778336,11.644019,3,0
mol_5hj1A_pocA.sdf,134.393692,86.878571,33.136517,14.378602,3,0
mol_236213.sdf,51.581650,0.162808,36.472092,14.946751,3,0
mol_129092.sdf,46.256100,0.173522,33.373638,12.708940,3,0
mol_117040.sdf,59.846996,9.589838,36.072647,14.184513,3,0
mol_49192.sdf,47.804497,0.836776,32.649963,14.317756,3,0
mol_4ttcA_pocB.sdf,52.340565,5.960087,33.388172,12.992306,3,0
cpep_AF-A0A376CPV2-F1_245_256.sdf,203.643417,153.260681,35.613682,14.769061,1,0
mol_215459.sdf,49.696075,4.289416,32.785007,12.621653,1,0
mol_236213.sdf,56.033699,5.853086,36.009628,14.170983,3,0
mol_5hj1A_pocA.sdf,149.442978,100.425461,34.876072,14.141447,3,0
cpep_AF-A0A376CPV2-F1_245_256.sdf,223.729782,172.997147,36.354645,14.377996,3,0
mol_4ttcA_pocB.sdf,48.794258,0.312753,36.147968,12.333537,3,0
mol_117040.sdf,58.114506,9.086550,35.497478,13.530477,3,0
mol_129092.sdf,48.201984,0.426921,34.059780,13.715283,3,0
mol_49192.sdf,56.955200,8.559422,35.307938,13.087841,3,0
mol_215459.sdf,45.970257,1.033096,32.209885,12.727277,3,0
mol_40738.sdf,48.677162,0.981462,34.266392,13.429310,1,0
mol_159041.sdf,53.501549,4.883571,33.372192,15.245787,1,0
mol_5exeC_pocC.sdf,161.393082,111.082680,36.726562,13.583846,7,0
mol_139258.sdf,46.536022,2.111440,31.322626,13.101955,7,0
mol_193621.sdf,62.505474,10.330941,37.110477,15.064056,7,0
mol_33477.sdf,56.719288,8.306555,32.783314,15.629421,7,0
mol_35663.sdf,48.820114,0.473514,34.792286,13.554313,7,0
mol_184814.sdf,52.382599,6.687485,30.459637,15.235478,7,0
mol_51334.sdf,53.474289,1.795049,38.686539,12.992702,7,0
mol_43394.sdf,46.808372,1.023253,32.060734,13.724385,7,0
mol_77667.sdf,54.281456,5.065868,34.839622,14.375967,7,0
mol_90591.sdf,49.976288,0.221214,35.072025,14.683050,7,0
cpep_AF-A0A7Y2BZP7-F1_747_759.sdf,286.124268,233.934402,36.904968,15.284903,7,0
mol_178063.sdf,50.121872,0.104495,35.656067,14.361308,7,0
mol_113476.sdf,49.265434,3.190984,33.181969,12.892484,7,0
mol_282955.sdf,48.111034,0.595951,34.161835,13.353250,7,0
mol_181599.sdf,61.337887,12.340219,32.794842,16.202824,7,0
mol_241170.sdf,54.205803,6.511887,34.241905,13.452012,7,0
mol_59542.sdf,61.245876,12.466463,35.446884,13.332532,7,0
mol_268220.sdf,48.346287,2.963544,31.082027,14.300716,7,0
mol_296469.sdf,53.447037,7.842167,33.745995,11.858876,7,0
cpep_AF-F8WY55-F1_343_354.sdf,185.832031,135.824554,36.396534,13.610950,7,0
mol_69018.sdf,57.021255,6.689604,35.744427,14.587225,7,0
mol_255514.sdf,53.432770,0.522839,39.728714,13.181216,7,0
mol_201260.sdf,51.452919,1.778645,36.364048,13.310227,7,0
mol_87029.sdf,50.002407,2.420063,33.653976,13.928368,7,0
mol_32470.sdf,47.620567,1.729849,33.736523,12.154196,7,0
mol_229847.sdf,49.283897,0.400597,35.948921,12.934381,7,0
cpep_AF-A0A662PAR7-F1_86_99.sdf,195.436478,143.238449,36.902622,15.295415,7,0
cpep_AF-A0A6N8TV41-F1_240_251.sdf,325.193176,274.758606,36.338142,14.096434,7,0
mol_142028.sdf,47.468670,1.475957,33.416836,12.575877,7,0
mol_286854.sdf,51.869102,5.700954,32.681908,13.486241,7,0
mol_144748.sdf,55.962467,6.911511,35.900032,13.150926,7,0
mol_131918.sdf,58.306068,7.440663,38.741905,12.123499,7,0
mol_42144.sdf,55.423519,6.152337,34.926334,14.344849,7,0
mol_151918.sdf,60.658913,12.729987,34.629280,13.299643,7,0
mol_144541.sdf,59.071888,9.613428,35.187042,14.271420,7,0
mol_188157.sdf,49.694763,0.437948,34.876774,14.380045,7,0
mol_133356.sdf,54.344978,9.742785,33.739201,10.862992,7,0
mol_171303.sdf,49.997391,0.712765,35.783234,13.501390,7,0
mol_172247.sdf,53.472210,6.059080,33.806072,13.607059,7,0
mol_279721.sdf,49.073242,0.116048,35.041027,13.916169,7,0
mol_123110.sdf,49.981632,2.225690,34.794815,12.961128,3,0
mol_499.sdf,52.241089,4.522818,34.399078,13.319192,3,0
cpep_AF-A0A2N1KIY0-F1_163_177.sdf,622.730713,571.937317,35.753822,15.039548,3,0
mol_88141.sdf,49.472435,2.657987,35.861904,10.952547,3,0
mol_196093.sdf,48.711704,0.465321,34.503895,13.742490,3,0
mol_89126.sdf,54.782799,5.769712,35.571259,13.441828,3,0
mol_40481.sdf,51.452682,3.370100,33.890388,14.192190,3,0
mol_302735.sdf,60.115982,9.508266,35.296242,15.311474,3,0
mol_249515.sdf,59.263096,10.049142,35.148643,14.065311,1,0
mol_285214.sdf,50.882423,0.564686,36.325912,13.991826,1,0
mol_40481.sdf,47.407860,3.517134,31.255621,12.635104,3,0
mol_196093.sdf,54.000027,5.699579,34.594952,13.705495,3,0
mol_123110.sdf,55.999474,7.739398,34.320065,13.940009,3,0
mol_499.sdf,45.833263,0.363752,31.833221,13.636292,3,0
cpep_AF-A0A2N1KIY0-F1_163_177.sdf,193.348160,142.785706,35.814850,14.747608,3,0
mol_285214.sdf,58.175507,5.157791,38.157505,14.860209,3,0
mol_89126.sdf,49.178776,1.751152,33.758888,13.668735,3,0
mol_302735.sdf,51.270462,2.348960,34.232338,14.689162,3,0
mol_249515.sdf,52.728127,4.107664,36.396141,12.224321,1,0
mol_88141.sdf,49.401531,4.078345,33.531509,11.791677,1,0
mol_249515.sdf,56.381695,7.952384,35.768604,12.660705,3,0
mol_196093.sdf,49.219131,0.356512,34.539360,14.323263,3,0
mol_499.sdf,45.201073,0.432978,31.790689,12.977406,3,0
mol_89126.sdf,48.229774,0.692104,34.311771,13.225900,3,0
mol_285214.sdf,50.947456,0.419061,36.588524,13.939875,3,0
cpep_AF-A0A2N1KIY0-F1_163_177.sdf,232.137802,179.664627,36.843445,15.629734,3,0
mol_40481.sdf,46.249466,0.157567,31.718040,14.373857,3,0
mol_123110.sdf,55.037579,7.274392,34.582542,13.180644,3,0
mol_88141.sdf,46.448071,1.393896,33.154026,11.900150,1,0
mol_302735.sdf,50.633526,1.582161,34.731407,14.319957,1,0
mol_77783.sdf,54.038300,6.202352,36.722500,11.113450,7,0
mol_111587.sdf,50.729164,3.616299,33.601944,13.510923,7,0
mol_76355.sdf,52.690273,6.496798,35.917393,10.276080,7,0
PBmol_5bvn.sdf,181.334167,130.347183,35.433376,15.553597,7,0
mol_9064.sdf,45.410011,0.462395,31.267712,13.679903,7,0
mol_36239.sdf,49.656052,2.448815,33.709595,13.497643,7,0
mol_107786.sdf,54.464081,7.881146,35.058174,11.524760,7,0
mol_224410.sdf,49.713062,0.639857,35.460987,13.612218,7,0
mol_218000.sdf,51.764069,5.950258,32.995056,12.818756,7,0
mol_38888.sdf,49.229103,0.780000,34.592930,13.856174,7,0
mol_302034.sdf,50.254986,1.578623,34.445541,14.230819,7,0
mol_112642.sdf,51.575336,7.488512,33.019176,11.067651,7,0
mol_152942.sdf,50.908630,1.270681,36.369717,13.268236,7,0
mol_243773.sdf,48.629723,0.142394,32.676521,15.810805,7,0
mol_88697.sdf,52.627308,7.613768,32.375874,12.637670,7,0
mol_148054.sdf,54.045868,6.633831,33.390610,14.021426,7,0
mol_81657.sdf,58.363197,7.824817,37.003159,13.535221,7,0
PBmol_3hrb.sdf,358.791748,307.119446,36.473892,15.198420,7,0
mol_274486.sdf,49.772285,1.342558,35.686386,12.743340,7,0
mol_26039.sdf,49.747620,1.007285,35.235306,13.505029,7,0
cpep_AF-A0A2D6QFA2-F1_411_422.sdf,169.298309,119.143600,36.047440,14.107273,7,0
mol_2611.sdf,48.072243,0.141081,34.399879,13.531286,7,0
mol_214476.sdf,57.121819,7.464612,36.233570,13.423635,7,0
mol_302729.sdf,52.513855,5.189632,31.878965,15.445257,7,0
mol_126433.sdf,48.298012,0.436611,33.938198,13.923203,7,0
cpep_AF-A0A1F6CU77-F1_351_360.sdf,127.872284,78.446838,35.048725,14.376722,7,0
mol_1fl6H_pocH.sdf,57.926720,10.134498,35.422283,12.369938,7,0
mol_116446.sdf,47.889130,1.654935,32.457245,13.776951,7,0
mol_221746.sdf,58.175606,7.824595,35.030144,15.320864,7,0
mol_227610.sdf,53.659248,7.387293,33.515217,12.756737,7,0
mol_119871.sdf,51.624977,0.432225,37.005188,14.187566,7,0
mol_3wv5B_pocB.sdf,148.198471,98.762238,35.599026,13.837208,7,0
PBmol_3hb8.sdf,150.441788,101.799904,34.792812,13.849075,7,0
mol_91097.sdf,54.612404,6.370514,34.925148,13.316744,7,0
mol_216939.sdf,48.350582,1.600872,33.439438,13.310271,7,0
PBmol_4lgh.sdf,106.291298,58.572712,34.230106,13.488478,7,0
mol_179987.sdf,51.877300,5.287479,34.139446,12.450376,7,0
mol_35948.sdf,48.603920,0.298210,34.445168,13.860540,7,0
mol_292882.sdf,50.006264,1.365699,34.173828,14.466735,7,0
mol_219589.sdf,56.855968,5.239122,37.170589,14.446259,7,0
mol_15410.sdf,55.033058,8.037362,31.179363,15.816336,3,0
cpep_AF-A0A662ERF5-F1_3_17.sdf,176.012695,125.421410,36.515972,14.075318,3,0
mol_5oiuC_pocC.sdf,146.495972,96.220955,36.090633,14.184381,3,0
mol_95844.sdf,51.154819,2.714342,34.757839,13.682635,3,0
mol_124573.sdf,49.796196,0.067987,34.786644,14.941567,3,0
mol_293766.sdf,49.178276,6.252648,31.227755,11.697872,3,0
mol_145937.sdf,48.087856,0.128605,38.374996,9.584255,3,0
mol_279713.sdf,59.669460,8.113931,36.499027,15.056503,3,0
mol_73158.sdf,47.552822,1.281702,35.091175,11.179948,1,0
mol_53088.sdf,49.970219,2.860356,35.474113,11.635749,1,0
cpep_AF-A0A662ERF5-F1_3_17.sdf,179.030136,128.113419,36.509857,14.406857,3,0
mol_293766.sdf,46.607658,2.640354,30.580517,13.386786,3,0
mol_145937.sdf,48.854267,0.429446,38.408878,10.015943,3,0
mol_15410.sdf,46.584599,2.100259,31.497488,12.986852,3,0
mol_279713.sdf,50.296028,1.312723,35.089481,13.893824,3,0
mol_124573.sdf,49.283470,2.150204,34.343540,12.789728,3,0
mol_95844.sdf,50.364250,2.498860,33.748558,14.116835,3,0
mol_53088.sdf,49.428204,2.706829,34.794025,11.927350,3,0
mol_5oiuC_pocC.sdf,155.721573,105.141869,36.551086,14.028614,1,0
mol_73158.sdf,48.740761,1.103948,34.101242,13.535570,1,0
mol_124573.sdf,57.563236,7.706768,34.925026,14.931442,3,0
mol_5oiuC_pocC.sdf,175.361511,126.344330,35.664627,13.352558,3,0
mol_95844.sdf,50.290031,0.497528,36.018414,13.774088,3,0
mol_73158.sdf,48.285606,0.094453,34.397945,13.793211,3,0
mol_15410.sdf,45.849136,1.512684,30.437809,13.898643,3,0
mol_293766.sdf,50.618385,6.426761,31.919876,12.271747,3,0
mol_279713.sdf,49.162369,0.783868,34.958923,13.419578,3,0
mol_53088.sdf,53.543869,6.741345,31.677860,15.124662,3,0
mol_145937.sdf,48.385166,0.182430,37.880077,10.322658,1,0
cpep_AF-A0A662ERF5-F1_3_17.sdf,159.959335,110.212502,35.948513,13.798325,1,0
mol_87607.sdf,49.705296,0.276075,36.453579,12.975639,7,0
mol_130570.sdf,47.509445,0.160399,32.182220,15.166824,7,0
mol_188252.sdf,46.672390,0.513257,33.140759,13.018376,7,0
mol_5206.sdf,48.077606,0.604508,33.329460,14.143640,7,0
mol_161449.sdf,59.109016,9.893519,36.032864,13.182631,7,0
mol_6uh5M_pocR.sdf,149.096298,100.358032,33.957870,14.780397,7,0
mol_102574.sdf,59.178596,6.762112,36.966156,15.450327,7,0
mol_204423.sdf,56.782146,6.144278,36.250591,14.387280,7,0
mol_208140.sdf,51.070107,4.811408,32.447483,13.811214,7,0
cpep_AF-A0A7Y2CKG0-F1_105_116.sdf,237.765961,187.221985,36.157131,14.386845,7,0
cpep_AF-A0A0Q4LTQ7-F1_575_587.sdf,222.150421,171.281265,36.090141,14.779016,7,0
mol_149832.sdf,55.238083,4.201812,37.705784,13.330486,7,0
mol_252818.sdf,47.235970,0.071305,33.895901,13.268765,7,0
mol_53607.sdf,48.675789,0.113127,35.077816,13.484843,7,0
mol_37185.sdf,47.953636,1.442579,32.947262,13.563797,7,0
mol_72811.sdf,45.570461,0.874755,32.385071,12.310634,7,0
mol_203088.sdf,46.539928,0.358653,32.236340,13.944935,7,0
mol_168836.sdf,48.576668,0.511675,33.818203,14.246790,7,0
mol_237598.sdf,57.490715,7.382721,34.008640,16.099354,7,0
mol_219676.sdf,54.750137,6.263490,34.492180,13.994468,7,0
mol_2h8kA_pocA.sdf,289.858337,239.654007,36.224758,13.979589,7,0
mol_73744.sdf,52.418358,2.045680,35.909847,14.462830,7,0
mol_181083.sdf,52.948032,4.127975,33.062302,15.757756,7,0
mol_155524.sdf,51.839500,0.114227,35.957439,15.767834,7,0
cpep_AF-A0A7X7V3E2-F1_898_910.sdf,259.057526,206.989166,36.421436,15.646936,7,0
mol_193081.sdf,59.128380,9.852806,34.979004,14.296570,7,0
mol_113051.sdf,47.749443,0.334271,33.863472,13.551701,7,0
mol_104244.sdf,46.155071,0.519660,32.009129,13.626281,7,0
mol_228716.sdf,55.692635,8.257473,35.787613,11.647547,7,0
mol_2fo0A_pocA.sdf,165.447693,116.852409,33.807411,14.787880,7,0
mol_71641.sdf,48.299438,0.109560,33.254749,14.935128,7,0
cpep_AF-A0A6M4GUJ8-F1_603_613.sdf,153.301880,102.730118,35.374832,15.196932,7,0
mol_259462.sdf,53.367588,5.868504,36.088112,11.410972,7,0
mol_223608.sdf,49.909683,0.513584,36.167683,13.228417,7,0
mol_199064.sdf,52.404957,2.582358,36.260666,13.561932,7,0
cpep_AF-X0XIB7-F1_53_63.sdf,204.279251,153.871490,34.918884,15.488883,7,0
cpep_AF-A0A7Y1VMT0-F1_68_80.sdf,211.204285,159.612656,36.621735,14.969889,7,0
mol_270288.sdf,47.484512,1.709101,32.307125,13.468284,7,0
mol_129608.sdf,53.795506,5.321546,33.624062,14.849900,7,0
cpep_AF-A0A1M7ZDP6-F1_495_507.sdf,160.249390,110.280205,36.062817,13.906376,7,0
mol_270052.sdf,58.092964,7.521804,33.614643,16.956514,3,0
mol_206829.sdf,47.597588,2.553696,32.750076,12.293817,3,0
mol_11274.sdf,47.692768,0.649707,33.593086,13.449975,3,0
mol_86650.sdf,47.047218,0.499526,32.804695,13.742996,3,0
mol_15854.sdf,48.546009,2.019907,32.700310,13.825794,3,0
PBmol_4zx4.sdf,175.756165,123.175926,37.460011,15.120222,3,0
mol_54297.sdf,45.798943,0.206987,31.732403,13.859550,3,0
mol_303062.sdf,47.823471,3.029928,31.768881,13.024662,3,0
mol_128990.sdf,48.852596,2.348926,33.692818,12.810851,1,0
mol_77962.sdf,46.356030,2.058575,32.314110,11.983345,1,0
mol_128990.sdf,55.186588,5.453324,35.059315,14.673950,3,0
mol_270052.sdf,52.349957,7.302533,32.268593,12.778831,3,0
mol_15854.sdf,51.202614,6.613039,30.893085,13.696489,3,0
mol_77962.sdf,47.244896,0.589356,32.983334,13.672208,3,0
mol_206829.sdf,54.416203,6.456245,32.176456,15.783502,3,0
mol_303062.sdf,52.747902,5.760569,32.960598,14.026731,3,0
mol_86650.sdf,48.474670,0.938549,33.807873,13.728250,3,0
mol_11274.sdf,51.337234,0.052512,36.511017,14.773705,3,0
mol_54297.sdf,50.033829,2.813140,31.916264,15.304423,1,0
PBmol_4zx4.sdf,226.246216,176.123444,36.137981,13.984794,1,0
mol_128990.sdf,49.474751,1.874355,33.610497,13.989900,3,0
mol_54297.sdf,49.278179,1.736040,33.266178,14.275964,3,0
PBmol_4zx4.sdf,199.152542,149.889679,35.649467,13.613384,3,0
mol_11274.sdf,53.378429,6.257660,34.963867,12.156902,3,0
mol_303062.sdf,46.711929,2.613383,32.218605,11.879942,3,0
mol_270052.sdf,47.786812,0.533734,31.673466,15.579613,3,0
mol_15854.sdf,50.626114,5.481196,31.878761,13.266155,3,0
mol_206829.sdf,47.527313,2.688720,32.532219,12.306374,3,0
mol_77962.sdf,46.522175,0.589710,31.640011,14.292453,1,0
mol_86650.sdf,53.589157,6.949137,33.634319,13.005698,1,0
mol_68393.sdf,52.194973,0.124922,37.810936,14.259114,7,0
mol_150740.sdf,62.835537,12.315348,35.321014,15.199177,7,0
mol_70101.sdf,48.697235,1.861306,33.838318,12.997611,7,0
mol_94298.sdf,48.550053,2.361673,34.196095,11.992282,7,0
mol_134646.sdf,54.869255,3.884297,36.709930,14.275028,7,0
mol_45938.sdf,56.709358,10.074547,33.021385,13.613425,7,0
mol_102769.sdf,49.250309,0.150760,35.951130,13.148417,7,0
mol_191917.sdf,47.584053,1.020145,31.744949,14.818957,7,0
mol_74024.sdf,52.293900,3.509069,35.099991,13.684841,7,0
mol_149253.sdf,52.455490,7.182484,33.475311,11.797695,7,0
mol_118336.sdf,48.724350,0.325569,33.950356,14.448427,7,0
mol_132288.sdf,48.021164,0.102331,34.373768,13.545068,7,0
cpep_AF-A0A7Y2AY80-F1_43_55.sdf,212.427185,160.852219,36.155579,15.419383,7,0
mol_248059.sdf,56.303192,9.902529,34.521362,11.879303,7,0
mol_3sjuA_pocA.sdf,206.793945,153.539658,37.196442,16.057840,7,0
cpep_AF-A0A356AE82-F1_248_259.sdf,163.613617,113.716904,35.291023,14.605687,7,0
mol_98496.sdf,57.240963,8.667441,35.395306,13.178216,7,0
mol_66671.sdf,59.997009,6.091791,39.106258,14.798964,7,0
mol_152504.sdf,60.177628,7.602146,36.044147,16.531332,7,0
mol_171659.sdf,46.931305,1.522285,32.202808,13.206213,7,0
mol_1t9mA_pocB.sdf,124.534523,73.762711,35.941841,14.829973,7,0
mol_194554.sdf,51.477612,0.593289,37.210918,13.673405,7,0
mol_76675.sdf,49.198757,0.233587,35.163887,13.801281,7,0
mol_288739.sdf,46.557690,0.111956,31.721375,14.724360,7,0
PBmol_5lrj.sdf,199.151459,147.167725,36.361000,15.622746,7,0
mol_57106.sdf,52.348175,3.414159,34.467159,14.466859,7,0
mol_192841.sdf,56.425362,6.221473,34.640945,15.562941,7,0
mol_73167.sdf,48.823402,1.294987,34.492180,13.036235,7,0
mol_196350.sdf,49.673988,0.244446,34.574036,14.855509,7,0
mol_206608.sdf,52.356735,4.517369,33.839973,13.999393,7,0
PBmol_5ajc.sdf,141.139725,88.715279,36.939762,15.484674,7,0
cpep_AF-A0A3C1Q1V9-F1_439_450.sdf,368.508881,318.588379,35.831028,14.089483,7,0
mol_51243.sdf,56.710979,7.354916,35.994217,13.361847,7,0
mol_275911.sdf,58.508553,8.156729,35.919388,14.432434,7,0
mol_260288.sdf,47.528191,1.183411,33.664425,12.680356,7,0
mol_140838.sdf,53.681156,7.707871,34.601215,11.372069,7,0
mol_181585.sdf,51.647087,3.605628,33.920818,14.120642,7,0
mol_85859.sdf,51.531902,0.535722,35.750443,15.245739,7,0
mol_281801.sdf,47.815945,0.661395,33.433384,13.721165,7,0
PBmol_6gjl.sdf,135.615173,84.997375,36.261322,14.356471,7,0
cpep_AF-A0A318HV47-F1_101_114.sdf,202.512238,151.544907,36.198200,14.769133,3,0
cpep_AF-A0A6I7NTX0-F1_554_564.sdf,162.398575,112.689972,35.681011,14.027583,3,0
mol_224032.sdf,50.851658,0.076822,36.521126,14.253712,3,0
mol_244780.sdf,66.371994,18.738113,32.910896,14.722988,3,0
mol_124940.sdf,50.091782,0.244435,35.560444,14.286901,3,0
mol_62470.sdf,47.209976,0.284948,32.566330,14.358695,3,0
mol_220815.sdf,49.791397,4.164112,32.982327,12.644958,3,0
mol_191383.sdf,49.454071,3.220616,33.706944,12.526510,3,0
mol_128088.sdf,45.623432,0.399039,31.037310,14.187083,1,0
mol_41596.sdf,54.182545,6.678452,33.271526,14.232567,1,0
cpep_AF-A0A6I7NTX0-F1_554_564.sdf,182.310043,132.597824,35.213280,14.498952,3,0
cpep_AF-A0A318HV47-F1_101_114.sdf,355.232697,305.646118,34.986446,14.600121,3,0
mol_124940.sdf,49.825100,1.570229,34.389477,13.865395,3,0
mol_244780.sdf,55.820400,8.977764,33.545811,13.296825,3,0
mol_128088.sdf,46.028786,0.938405,30.677818,14.412565,3,0
mol_224032.sdf,50.733437,0.056206,36.342548,14.334682,3,0
mol_191383.sdf,44.273384,0.806118,29.941017,13.526248,3,0
mol_220815.sdf,53.699272,6.507524,35.840111,11.351641,3,0
mol_41596.sdf,59.638180,11.289250,36.078510,12.270419,1,0
mol_62470.sdf,46.051559,0.730301,31.712812,13.608442,1,0
mol_128088.sdf,58.298409,9.573630,32.733521,15.991255,3,0
mol_124940.sdf,50.176331,0.072899,35.522720,14.580713,3,0
cpep_AF-A0A6I7NTX0-F1_554_564.sdf,171.411377,122.339867,34.988991,14.082517,3,0
cpep_AF-A0A318HV47-F1_101_114.sdf,322.649536,272.975311,35.070812,14.603415,3,0
mol_191383.sdf,44.884850,0.119487,31.743454,13.021909,3,0
mol_220815.sdf,48.421135,0.173692,35.201103,13.046339,3,0
mol_62470.sdf,45.316921,0.606290,31.125023,13.585607,3,0
mol_224032.sdf,58.841217,9.037955,36.023777,13.779483,3,0
mol_41596.sdf,50.123898,0.554044,35.937836,13.632019,1,0
mol_244780.sdf,60.997337,12.449086,32.301403,16.246847,1,0
mol_2qg8A_pocA.sdf,91.844780,42.795544,36.034615,13.014626,7,0
mol_5gm4A_pocH.sdf,51.610519,2.547312,35.691986,13.371222,7,0
mol_134801.sdf,61.711620,12.317381,33.908470,15.485767,7,0
mol_195428.sdf,50.391060,0.227018,35.512779,14.651264,7,0
mol_73742.sdf,54.745636,5.891788,34.576637,14.277211,7,0
mol_174350.sdf,49.241322,4.158736,31.965126,13.117459,7,0
mol_273831.sdf,53.857903,1.745857,36.765049,15.346997,7,0
mol_65796.sdf,49.648861,0.330975,35.776379,13.541507,7,0
PBmol_6bbx.sdf,228.943314,179.589508,35.664806,13.688997,7,0
mol_45811.sdf,46.729141,1.410541,32.506069,12.812531,7,0
mol_241239.sdf,54.205280,5.172221,36.021812,13.011247,7,0
mol_226359.sdf,61.860947,11.222770,36.986633,13.651543,7,0
mol_138989.sdf,50.583595,5.847709,31.443089,13.292795,7,0
cpep_AF-A0A3C1QID8-F1_273_281.sdf,279.403931,230.190277,34.475529,14.738126,7,0
mol_300500.sdf,60.247013,9.881404,37.083984,13.281624,7,0
mol_154774.sdf,48.987209,0.430354,35.154865,13.401988,7,0
mol_55876.sdf,51.128998,2.966308,33.343193,14.819494,7,0
mol_68866.sdf,52.281357,5.863800,34.121910,12.295648,7,0
mol_87025.sdf,51.721256,0.110776,38.037399,13.573082,7,0
cpep_AF-A0A7X8MCJ9-F1_687_701.sdf,223.484833,172.523148,36.494354,14.467339,7,0
mol_45982.sdf,49.774231,0.164711,35.497990,14.111530,7,0
mol_17969.sdf,46.819027,0.650591,32.546574,13.621861,7,0
mol_228068.sdf,50.388805,0.864508,36.107971,13.416328,7,0
mol_23536.sdf,58.387367,5.671897,36.137550,16.577917,7,0
mol_138425.sdf,51.749435,5.981686,31.185726,14.582022,7,0
cpep_AF-A0A7D9JIY8-F1_189_203.sdf,248.233215,197.096802,35.130814,16.005606,7,0
mol_291838.sdf,51.588448,1.529436,36.157520,13.901492,7,0
mol_63629.sdf,50.036808,3.232250,33.340282,13.464276,7,0
mol_187177.sdf,45.153255,0.140170,30.780758,14.232328,7,0
PBmol_4w9i.sdf,265.976105,215.344635,35.635666,14.995794,7,0
mol_14926.sdf,44.745865,0.129425,31.060602,13.555839,7,0
mol_112183.sdf,48.454819,0.909974,34.001656,13.543188,7,0
mol_144612.sdf,50.875473,3.475641,32.489719,14.910114,7,0
mol_100125.sdf,54.613300,6.917650,36.350166,11.345485,7,0
mol_278005.sdf,63.468060,13.239363,36.067696,14.160998,7,0
mol_9009.sdf,48.482376,0.297209,34.724991,13.460176,7,0
mol_143862.sdf,52.132519,0.146111,37.267220,14.719190,7,0
mol_3a20A_pocB.sdf,67.385727,16.405424,37.217636,13.762663,7,0
PBmol_3kb7.sdf,150.397507,99.049110,35.969131,15.379251,7,0
PBmol_5xpm.sdf,153.032898,101.967079,35.218204,15.847605,7,0
mol_60333.sdf,46.271732,0.326737,32.856880,13.088116,3,0
mol_199988.sdf,48.687069,3.393389,33.076427,12.217251,3,0
mol_48523.sdf,46.808167,2.009354,32.499424,12.299387,3,0
cpep_AF-A0A346HWH4-F1_569_582.sdf,197.642548,148.021606,35.180470,14.440470,3,0
mol_276782.sdf,49.009426,1.024085,35.259430,12.725910,3,0
cpep_AF-A0A1C5V939-F1_22_36.sdf,164.892975,115.609787,35.737499,13.545679,3,0
mol_28178.sdf,58.062531,11.117208,32.559509,14.385817,3,0
mol_82188.sdf,52.459610,3.598946,35.954021,12.906643,3,0
mol_40669.sdf,45.231857,0.078037,31.636015,13.517804,1,0
mol_222595.sdf,51.647675,4.429847,32.569889,14.647939,1,0
cpep_AF-A0A346HWH4-F1_569_582.sdf,207.397858,156.278610,35.401321,15.717918,3,0
mol_199988.sdf,53.290005,5.187357,37.224937,10.877713,3,0
mol_276782.sdf,57.206177,7.872019,36.434223,12.899934,3,0
cpep_AF-A0A1C5V939-F1_22_36.sdf,416.197021,365.107910,36.073689,15.015405,3,0
mol_60333.sdf,51.350044,1.777238,35.244442,14.328365,3,0
mol_48523.sdf,47.121746,0.171850,33.128304,13.821590,3,0
mol_28178.sdf,56.443813,10.123473,32.328545,13.991795,3,0
mol_40669.sdf,43.304688,0.786754,30.018711,12.499223,3,0
mol_222595.sdf,51.451595,6.017695,31.658785,13.775115,1,0
mol_82188.sdf,55.587658,6.776638,37.012920,11.798099,1,0
